0;;1573
1;;1560
10;;217
100;;1523
1000;;98
1001;;1399
1002;;1371
1002;;1474
1002;;6
1002;;700
1002;;701
1002;;780
1002;;880
1002;;94
1003;;50
1004;;565
1005;;31
1006;;1274
1006;;170
1006;;1970
1007;;1216
1007;;1309
1007;;1607
1007;;581
1007;;73
1008;;242
1009;;248
1009;;794
101;;1272
101;;1872
1010;;399
1011;;565
1012;;448
1013;;681
1014;;1585
1015;;485
1016;;400
1016;;624
1017;;100
1018;;1004
1018;;1033
1018;;1034
1018;;1112
1018;;1187
1018;;1260
1018;;1261
1018;;1281
1018;;160
1018;;1681
1018;;260
1018;;307
1018;;336
1018;;61
1018;;951
1019;;222
102;;389
102;;431
1020;;791
1021;;75
1022;;45
1022;;501
1023;;1061
1024;;325
1025;;568
1026;;1054
1027;;1315
1028;;1225
1028;;281
1028;;561
1028;;803
1028;;915
1029;;699
103;;554
1030;;873
1031;;14
1032;;1807
1033;;1686
1034;;895
1035;;1126
1036;;1596
1037;;1856
1038;;1126
1039;;493
104;;403
1040;;1158
1041;;1651
1041;;792
1042;;1293
1043;;2034
1043;;2058
1043;;977
1044;;1177
1045;;1894
1046;;1118
1047;;1234
1047;;285
1048;;1546
1049;;1247
1049;;1426
1049;;850
105;;507
105;;646
1050;;1153
1050;;1924
1051;;240
1052;;57
1053;;204
1054;;1769
1055;;554
1056;;691
1057;;894
1058;;1383
1059;;1536
106;;417
1060;;1337
1061;;808
1062;;987
1063;;162
1064;;17
1065;;1207
1065;;1218
1065;;1289
1066;;112
1067;;1040
1068;;178
1069;;286
107;;1411
107;;279
1070;;447
1071;;1126
1072;;330
1073;;1597
1074;;1167
1076;;1832
1076;;772
1077;;1440
1077;;227
1077;;262
1077;;39
1078;;1700
1078;;732
1079;;840
108;;1633
1080;;1129
1081;;711
1082;;1406
1083;;1025
1084;;186
1085;;1680
1085;;1685
1085;;1772
1086;;1133
1087;;1868
1088;;1318
1088;;1897
1089;;1523
1089;;1945
109;;146
1090;;347
1091;;1446
1092;;1732
1092;;490
1092;;58
1093;;1440
1093;;227
1093;;276
1093;;39
1093;;697
1093;;834
1094;;459
1095;;1109
1095;;1120
1095;;1133
1095;;1154
1095;;1251
1095;;1267
1095;;1272
1095;;1290
1095;;138
1095;;1401
1095;;1569
1095;;1707
1095;;1760
1095;;1807
1095;;1810
1095;;1932
1095;;2009
1095;;254
1095;;406
1095;;5
1095;;658
1095;;825
1095;;875
1096;;470
1097;;1539
1098;;712
1098;;790
1099;;1115
11;;1249
110;;1687
110;;171
1100;;484
1100;;560
1101;;1221
1102;;270
1103;;325
1104;;191
1105;;1536
1105;;860
1106;;1276
1107;;1563
1108;;1126
1109;;1677
1109;;1684
111;;1412
111;;1931
1110;;1084
1111;;1156
1112;;321
1113;;1477
1114;;4
1115;;1130
1115;;1837
1116;;1889
1117;;549
1118;;325
1119;;442
112;;1093
112;;1208
112;;1319
112;;1401
112;;1661
112;;614
112;;807
1120;;497
1121;;1297
1122;;852
1123;;1510
1123;;1996
1123;;2098
1123;;2122
1124;;713
1125;;1854
1126;;1454
1127;;462
1128;;1060
1128;;116
1129;;1694
1129;;505
113;;1823
1130;;1339
1130;;1511
1130;;1936
1130;;194
1130;;2006
1130;;2088
1130;;354
1130;;499
1130;;500
1130;;592
1130;;821
1131;;1549
1132;;543
1133;;661
1134;;1240
1134;;1904
1135;;184
1136;;1787
1137;;1616
1138;;1037
1139;;1025
1139;;1681
114;;147
1140;;1319
1140;;1943
1140;;869
1140;;920
1141;;710
1142;;631
1143;;1204
1143;;1383
1144;;1688
1145;;1804
1146;;428
1147;;330
1148;;1620
1148;;389
1148;;431
1149;;1470
115;;1345
1150;;887
1151;;1608
1152;;1018
1152;;904
1153;;1277
1154;;1175
1155;;1830
1156;;1248
1156;;228
1156;;692
1157;;133
1157;;134
1158;;1614
1158;;1664
1159;;1482
116;;1387
1160;;1367
1161;;1694
1162;;742
1162;;743
1163;;1316
1163;;544
1164;;1483
1164;;905
1165;;1059
1165;;512
1166;;1157
1167;;282
1168;;590
1169;;775
117;;862
1170;;368
1171;;1201
1172;;510
1173;;553
1174;;553
1174;;706
1175;;53
1176;;424
1177;;1276
1177;;494
1178;;840
1179;;382
118;;503
1180;;1589
1181;;1325
1181;;351
1182;;1045
1183;;1407
1183;;1478
1183;;1582
1183;;411
1183;;424
1184;;970
1185;;1836
1186;;1473
1187;;1435
1188;;249
1189;;846
119;;1012
1190;;601
1191;;1796
1192;;1316
1192;;544
1193;;1451
1194;;1043
1194;;1086
1194;;317
1194;;318
1194;;671
1194;;672
1194;;679
1194;;914
1195;;576
1196;;1830
1197;;879
1198;;542
1198;;675
1198;;954
1198;;955
1199;;430
12;;1766
12;;190
12;;841
120;;600
120;;917
1200;;1692
1200;;211
1200;;224
1200;;890
1201;;1181
1202;;1545
1203;;1682
1204;;1046
1205;;1340
1206;;1695
1206;;1713
1207;;137
1208;;1700
1209;;119
1209;;1677
1209;;1678
1209;;1679
1209;;1684
1209;;708
121;;1851
1210;;1454
1211;;1006
1211;;1318
1211;;1602
1211;;1698
1211;;1897
1211;;1938
1211;;1951
1211;;294
1211;;484
1211;;504
1211;;505
1211;;560
1211;;622
1211;;706
1211;;712
1211;;790
1212;;1354
1212;;1474
1212;;1749
1212;;901
1213;;1584
1213;;1857
1214;;355
1215;;1027
1216;;899
1217;;1710
1217;;1941
1217;;2000
1217;;525
1217;;539
1218;;1857
1219;;1510
1219;;1996
1219;;2098
1219;;2122
1219;;747
1219;;748
1219;;778
1219;;779
122;;1030
122;;943
1220;;177
1221;;1645
1222;;503
1223;;2027
1223;;876
1224;;1667
1225;;231
1226;;1842
1226;;676
1227;;1875
1227;;26
1228;;818
1229;;1132
123;;1148
123;;143
1230;;446
1231;;468
1232;;1137
1232;;641
1232;;642
1232;;643
1233;;463
1234;;921
1235;;383
1236;;1790
1236;;949
1237;;1236
1237;;583
1237;;761
1238;;1802
1239;;85
124;;1384
124;;256
1240;;1150
1240;;1866
1240;;346
1240;;806
1241;;1032
1242;;209
1243;;1149
1244;;644
1245;;1143
1245;;1483
1246;;1516
1247;;767
1248;;1258
1249;;1173
1249;;1672
1249;;253
1249;;935
125;;1349
125;;154
125;;1687
125;;171
125;;1759
125;;1849
125;;695
1250;;767
1251;;1082
1252;;390
1252;;736
1252;;775
1253;;52
1254;;1775
1254;;534
1255;;113
1256;;1079
1256;;2118
1256;;301
1256;;423
1256;;441
1256;;608
1256;;694
1257;;118
1257;;1559
1257;;397
1257;;421
1257;;709
1258;;139
1259;;1494
1259;;337
126;;1885
1260;;1387
1261;;1394
1262;;1780
1263;;1785
1264;;1580
1265;;1574
1266;;1564
1266;;2077
1266;;454
1266;;992
1267;;44
1268;;747
1268;;779
1269;;18
127;;1768
1270;;747
1270;;748
1271;;1182
1272;;636
1273;;1709
1274;;1502
1274;;315
1275;;330
1276;;1763
1277;;1696
1278;;768
1279;;698
128;;1786
1280;;1665
1281;;1102
1281;;1167
1281;;1373
1281;;1673
1281;;1958
1281;;247
1281;;257
1281;;348
1281;;427
1281;;509
1281;;755
1281;;823
1281;;853
1282;;1372
1283;;524
1284;;1870
1285;;1675
1286;;1456
1286;;1528
1287;;196
1288;;1390
1289;;1209
129;;1042
129;;412
1290;;367
1291;;1863
1291;;225
1292;;106
1292;;124
1292;;1693
1292;;715
1293;;1135
1294;;298
1295;;5
1296;;1518
1297;;492
1297;;820
1298;;1413
1298;;313
1299;;1519
13;;1014
13;;1047
13;;1057
13;;1108
13;;125
13;;1264
13;;129
13;;1472
13;;1505
13;;2031
13;;2091
13;;33
13;;450
13;;451
13;;481
13;;483
13;;529
13;;718
13;;855
130;;1164
1300;;759
1301;;1906
1302;;1949
1302;;827
1302;;828
1303;;437
1304;;1491
1305;;1322
1305;;1325
1305;;1353
1305;;1355
1305;;1474
1305;;148
1305;;1481
1305;;1729
1305;;1749
1305;;1775
1305;;1813
1305;;1886
1305;;306
1305;;351
1305;;510
1305;;534
1305;;780
1305;;958
1306;;611
1306;;612
1307;;1889
1308;;1358
1309;;1455
131;;1304
131;;936
1310;;555
1310;;556
1311;;1102
1311;;1144
1311;;1506
1311;;1812
1311;;689
1311;;705
1311;;823
1311;;920
1312;;474
1313;;1383
1314;;1798
1314;;1895
1315;;1513
1316;;292
1317;;1349
1318;;1750
1319;;326
1320;;936
1321;;1003
1321;;1715
1322;;1881
1323;;842
1324;;19
1324;;721
1325;;1284
1325;;352
1326;;1725
1327;;107
1328;;348
1329;;1446
133;;767
1330;;1487
1331;;250
1332;;230
1332;;350
1333;;1447
1334;;1545
1334;;1749
1334;;1886
1334;;351
1334;;574
1335;;1741
1336;;644
1337;;1015
1338;;1707
1339;;967
134;;103
1340;;1459
1341;;1535
1342;;1032
1343;;206
1344;;678
1345;;1526
1346;;1006
1346;;1318
1346;;1865
1346;;504
1346;;505
1347;;903
1347;;971
1348;;1450
1349;;1794
135;;1463
135;;291
135;;861
1350;;1688
1350;;610
1350;;77
1351;;2016
1351;;322
1351;;357
1352;;1036
1353;;62
1354;;1044
1355;;1136
1355;;1215
1355;;1262
1355;;1710
1355;;1941
1355;;525
1355;;62
1356;;216
1356;;836
1356;;97
1357;;502
1358;;159
1359;;485
136;;560
1361;;1987
1361;;2108
1361;;927
1361;;928
1362;;1355
1362;;468
1363;;1580
1364;;739
1365;;553
1366;;1649
1367;;913
1368;;132
1368;;1347
1368;;200
1368;;310
1369;;322
137;;1359
1370;;1436
1371;;445
1371;;910
1372;;767
1373;;849
1373;;857
1374;;966
1375;;1428
1376;;1959
1376;;796
1377;;1137
1377;;641
1377;;642
1377;;643
1378;;1142
1379;;1107
138;;727
1380;;1137
1380;;641
1380;;642
1380;;643
1381;;1834
1382;;622
1383;;1394
1383;;1395
1383;;1494
1383;;2
1383;;337
1384;;869
1385;;623
1386;;1620
1386;;389
1386;;431
1386;;507
1386;;645
1387;;1280
1387;;1489
1388;;1017
1389;;249
1389;;472
139;;1169
1390;;1105
1391;;565
1392;;843
1393;;179
1394;;590
1394;;765
1395;;1698
1396;;1197
1396;;147
1396;;1722
1397;;1224
1398;;1606
1399;;917
14;;1890
140;;1785
1400;;848
1401;;1400
1402;;1263
1403;;576
1404;;1753
1405;;333
1406;;604
1407;;1743
1408;;1864
1409;;1654
141;;1447
141;;1570
141;;1678
141;;1679
141;;1896
141;;1944
141;;2038
141;;708
141;;856
1410;;375
1410;;802
1411;;923
1412;;923
1413;;1719
1414;;473
1415;;1635
1415;;1742
1415;;1743
1415;;796
1416;;308
1417;;1599
1417;;723
1418;;588
1419;;1671
142;;1896
142;;2065
1420;;1773
1421;;1369
1422;;1516
1423;;1409
1424;;120
1425;;1205
1426;;1035
1427;;373
1428;;215
1429;;1123
1429;;1331
1429;;1362
1429;;1418
1429;;1661
1429;;1877
1429;;668
143;;1748
143;;1777
143;;531
1430;;1462
1430;;572
1431;;1473
1432;;1089
1432;;1104
1432;;1287
1432;;1290
1432;;135
1432;;1418
1432;;1490
1432;;1661
1432;;252
1432;;467
1432;;487
1432;;488
1432;;489
1432;;524
1432;;825
1433;;537
1434;;202
1434;;2045
1435;;1725
1435;;352
1435;;429
1435;;897
1436;;1850
1437;;839
1438;;1262
1439;;682
1439;;86
144;;2073
144;;856
1440;;1001
1441;;1001
1442;;1602
1443;;986
1444;;1192
1445;;1495
1446;;1011
1446;;1021
1446;;1131
1446;;1336
1446;;1338
1446;;155
1446;;1646
1446;;1674
1446;;1738
1446;;1852
1446;;216
1446;;428
1446;;498
1446;;730
1446;;766
1446;;774
1446;;836
1446;;97
1447;;1558
1447;;1701
1448;;1348
1449;;591
145;;439
1450;;1020
1451;;252
1452;;888
1453;;1598
1454;;1546
1455;;240
1456;;359
1456;;42
1456;;685
1457;;1213
1457;;1452
1457;;1456
1457;;1623
1458;;168
1459;;871
146;;1762
146;;1784
1460;;767
1461;;1811
1462;;10
1463;;1484
1464;;1669
1465;;886
1466;;1240
1467;;1046
1467;;345
1467;;600
1468;;1689
1468;;1747
1468;;1933
1468;;235
1468;;516
1469;;1464
147;;1441
147;;1467
147;;222
147;;40
1470;;1270
1471;;1809
1472;;669
1473;;1403
1474;;519
1475;;159
1476;;433
1476;;475
1476;;725
1477;;264
1478;;943
1479;;1189
1479;;1566
1479;;319
1479;;656
1479;;933
148;;1364
148;;193
148;;1947
148;;920
1480;;357
1481;;429
1482;;1370
1483;;1831
1483;;185
1484;;1463
1485;;1454
1486;;83
1487;;1026
1488;;1350
1489;;1375
149;;799
1490;;1378
1490;;1442
1490;;1443
1491;;1474
1491;;365
1492;;1239
1492;;396
1493;;1240
1493;;1904
1494;;1821
1495;;1879
1496;;1832
1497;;1276
1498;;1451
1499;;628
15;;1022
15;;1400
15;;1579
15;;1616
15;;1847
150;;1863
150;;420
1500;;1804
1501;;503
1502;;768
1503;;1523
1503;;191
1503;;1945
1503;;840
1504;;1424
1505;;716
1506;;872
1507;;220
1508;;1688
1508;;890
1509;;45
151;;1683
1510;;1747
1510;;236
1510;;501
1511;;931
1512;;593
1513;;800
1514;;1080
1515;;752
1516;;1061
1516;;1577
1516;;1705
1516;;1878
1516;;1960
1517;;1071
1517;;1889
1517;;485
1518;;1621
1519;;622
152;;403
1520;;228
1521;;1055
1522;;1328
1522;;857
1523;;789
1524;;153
1524;;1586
1524;;878
1525;;1799
1526;;1836
1527;;503
1528;;1630
1529;;996
153;;1479
1530;;1721
1531;;102
1531;;874
1531;;960
1532;;948
1533;;1705
1534;;1333
1535;;1711
1535;;1783
1536;;1141
1537;;1397
1538;;1375
1539;;893
154;;1620
154;;1819
154;;919
1540;;1201
1540;;1993
1541;;1608
1541;;1737
1541;;329
1541;;383
1542;;1860
1543;;1361
1544;;117
1545;;18
1545;;363
1546;;1724
1546;;413
1547;;1005
1547;;1622
1548;;553
1549;;1485
155;;1372
1550;;77
1551;;1436
1552;;232
1553;;654
1554;;1811
1554;;1980
1554;;2080
1554;;334
1555;;59
1556;;994
1557;;1324
1558;;397
1559;;1508
156;;706
1560;;1255
1561;;1255
1562;;1300
1562;;1351
1562;;1460
1563;;640
1564;;1235
1564;;1329
1565;;1473
1566;;767
1567;;78
1568;;497
1569;;1705
1569;;818
157;;1629
1570;;1087
1570;;1095
1570;;281
1571;;1989
1571;;353
1572;;1041
1573;;1759
1573;;2018
1574;;758
1575;;1170
1576;;824
1577;;1379
1577;;151
1577;;413
1577;;681
1577;;732
1577;;843
1578;;864
1578;;865
1578;;898
1579;;110
1579;;547
1579;;548
158;;1453
1580;;14
1581;;239
1581;;432
1581;;788
1582;;1581
1582;;320
1583;;1106
1583;;1146
1584;;274
1585;;568
1586;;69
1587;;422
1587;;616
1587;;830
1587;;940
1588;;763
1588;;764
1589;;114
1589;;1291
159;;1265
159;;2013
1590;;1834
1590;;730
1591;;1765
1591;;1955
1591;;410
1592;;1308
1593;;199
1593;;329
1593;;802
1593;;924
1594;;1723
1595;;1683
1596;;844
1597;;767
1598;;75
1599;;13
1599;;540
16;;1821
16;;1965
160;;1416
1600;;13
1600;;540
1601;;1029
1601;;1366
1601;;1702
1601;;1882
1601;;1887
1601;;203
1601;;376
1601;;479
1601;;815
1601;;816
1601;;817
1602;;861
1603;;749
1604;;268
1605;;499
1606;;1480
1607;;1682
1608;;1199
1609;;1148
161;;1529
1610;;1437
1610;;1561
1610;;177
1610;;2032
1610;;301
1610;;303
1610;;335
1610;;457
1610;;491
1610;;595
1610;;615
1610;;633
1610;;789
1610;;941
1610;;947
1610;;985
1611;;858
1612;;497
1613;;169
1613;;1837
1613;;1865
1613;;1957
1614;;352
1615;;1507
1616;;1498
1617;;1653
1618;;1161
1618;;1528
1618;;243
1618;;893
1619;;770
162;;1189
162;;656
162;;933
1620;;551
1621;;1339
1622;;910
1623;;1430
1623;;1432
1623;;1451
1623;;1858
1623;;1878
1623;;234
1623;;545
1623;;690
1623;;74
1623;;845
1624;;728
1625;;953
1626;;502
1627;;745
1628;;712
1628;;790
1629;;563
1629;;829
163;;857
1630;;23
1631;;829
1632;;364
1633;;1006
1634;;1552
1634;;1634
1634;;907
1635;;1841
1636;;1073
1637;;1172
1638;;1134
1638;;1328
1638;;1820
1638;;199
1639;;1097
164;;1872
164;;788
1640;;355
1641;;1089
1641;;1569
1641;;1633
1641;;467
1641;;807
1642;;1334
1642;;1468
1642;;1469
1642;;1817
1642;;1818
1642;;1863
1642;;194
1642;;2006
1642;;2106
1642;;354
1642;;415
1642;;418
1642;;419
1642;;480
1643;;602
1644;;1730
1645;;1573
1646;;1538
1647;;241
1648;;560
1649;;1040
1649;;1173
1649;;1672
1649;;1755
1649;;253
165;;52
1650;;1740
1651;;1806
1652;;620
1653;;1429
1653;;1554
1653;;1784
1653;;573
1654;;1299
1655;;1353
1655;;1819
1656;;1200
1656;;1938
1657;;1342
1657;;1765
1657;;1955
1657;;410
1657;;424
1658;;100
1659;;837
166;;99
1660;;1332
1661;;600
1662;;866
1663;;114
1663;;436
1663;;546
1663;;810
1664;;912
1665;;1840
1666;;104
1666;;1840
1666;;1908
1666;;56
1667;;887
1668;;429
1669;;1476
167;;1062
167;;1400
167;;1588
167;;270
1670;;370
1671;;952
1672;;1377
1672;;1663
1673;;1905
1673;;232
1673;;355
1674;;1802
1675;;1140
1676;;1391
1676;;287
1677;;156
1678;;442
1679;;1078
168;;1310
1680;;962
1681;;1417
1681;;1703
1682;;1245
1683;;11
1684;;1883
1685;;1547
1686;;745
1687;;466
1688;;1071
1689;;555
1689;;556
169;;1346
1690;;435
1691;;1762
1692;;32
1693;;1714
1694;;110
1694;;1616
1695;;932
1696;;1042
1696;;1096
1696;;1466
1696;;1910
1697;;1590
1698;;1773
1698;;2009
1698;;275
1699;;1820
17;;727
170;;274
170;;652
1700;;1365
1700;;1422
1700;;2002
1700;;2055
1700;;2116
1700;;963
1701;;1116
1701;;1118
1701;;1136
1702;;1016
1702;;1477
1702;;1518
1702;;1704
1703;;1726
1704;;250
1705;;1076
1706;;170
1707;;1026
1708;;92
1709;;569
171;;1434
1710;;85
1711;;1249
1712;;243
1713;;581
1713;;702
1714;;209
1714;;324
1714;;70
1715;;1056
1716;;290
1716;;598
1717;;496
1717;;514
1718;;1648
1718;;1692
1718;;211
1719;;1698
172;;1049
172;;854
1720;;953
1721;;1565
1722;;298
1722;;314
1723;;452
1724;;1262
1725;;250
1726;;835
1727;;1301
1728;;108
1729;;1153
1729;;395
1729;;435
1729;;497
1729;;744
173;;1815
173;;2030
1730;;1858
1731;;1327
1732;;1771
1733;;1845
1734;;1639
1735;;1314
1736;;1228
1737;;1335
1737;;207
1737;;236
1738;;1006
1738;;1855
1739;;1892
174;;1506
1740;;1548
1740;;1642
1740;;71
1741;;1388
1742;;1376
1742;;1776
1743;;501
1744;;1838
1744;;416
1745;;1251
1746;;1680
1746;;1685
1746;;1772
1747;;1122
1747;;1166
1747;;543
1748;;462
1749;;870
175;;736
1750;;859
1751;;554
1752;;1458
1752;;1578
1752;;1619
1752;;852
1753;;959
1754;;1901
1755;;691
1756;;1266
1756;;213
1757;;749
1758;;1123
1759;;446
176;;67
1760;;505
1761;;1733
1762;;754
1763;;786
1764;;311
1764;;492
1765;;1396
1766;;939
1767;;26
1767;;783
1768;;1012
1769;;1028
1769;;65
1769;;903
177;;235
1770;;101
1770;;44
1771;;1768
1772;;1407
1772;;1583
1772;;288
1772;;521
1772;;80
1773;;177
1773;;1981
1773;;268
1773;;50
1774;;1132
1774;;1202
1774;;439
1775;;1571
1775;;278
1775;;647
1775;;649
1776;;12
1776;;16
1776;;1944
1776;;1951
1776;;875
1777;;1526
1778;;1267
1779;;109
178;;1833
1780;;1275
1781;;543
1782;;876
1783;;694
1784;;1110
1785;;1383
1786;;1084
1786;;1961
1786;;658
1787;;1054
1787;;2065
1787;;372
1787;;707
1788;;530
1789;;1053
179;;1350
1790;;1453
1790;;2085
1791;;266
1792;;975
1793;;461
1794;;1177
1794;;152
1795;;1155
1795;;204
1795;;975
1796;;178
1797;;218
1798;;38
1799;;1676
18;;96
180;;1202
180;;439
1800;;1513
1800;;1652
1800;;1706
1800;;221
1800;;923
1801;;437
1802;;1709
1803;;1453
1804;;414
1805;;1088
1805;;1435
1806;;604
1807;;1827
1808;;1728
1808;;1994
1808;;734
1809;;765
181;;1438
181;;251
1810;;254
1811;;950
1812;;1106
1812;;1107
1812;;219
1812;;961
1812;;995
1812;;996
1813;;1090
1813;;887
1814;;1182
1815;;739
1815;;740
1815;;741
1816;;594
1817;;756
1818;;687
1818;;882
1819;;1893
182;;552
1820;;1722
1821;;119
1822;;686
1823;;743
1824;;1055
1824;;1442
1824;;1443
1825;;1799
1825;;392
1826;;1871
1826;;1874
1827;;1115
1827;;1491
1827;;1709
1827;;1807
1827;;988
1828;;1113
1829;;548
183;;369
1830;;61
1831;;657
1832;;1605
1833;;722
1834;;1642
1835;;724
1836;;175
1837;;706
1838;;232
1839;;2033
1839;;430
184;;745
1840;;1271
1840;;1592
1840;;1866
1840;;2020
1840;;640
1840;;891
1841;;1762
1842;;1627
1843;;1103
1843;;1123
1843;;1782
1843;;668
1844;;1536
1844;;560
1845;;1169
1846;;1226
1847;;1602
1848;;1020
1848;;1074
1848;;1075
1848;;1164
1848;;1165
1848;;1180
1848;;1215
1848;;1241
1848;;1242
1848;;1268
1848;;1312
1848;;1313
1848;;144
1848;;158
1848;;164
1848;;2007
1848;;2117
1848;;35
1848;;636
1849;;1649
185;;1556
1850;;1515
1850;;1808
1851;;1830
1852;;678
1853;;1206
1853;;195
1854;;840
1855;;729
1856;;1237
1857;;469
1858;;686
1859;;706
186;;702
1860;;566
1861;;224
1862;;787
1863;;1502
1864;;714
1865;;1537
1865;;892
1866;;584
1867;;1055
1868;;1238
1869;;1067
1869;;1183
1869;;1196
1869;;188
1869;;1962
187;;1202
1870;;1712
1871;;627
1872;;1698
1873;;1561
1874;;1019
1875;;1564
1876;;992
1877;;1618
1878;;683
1879;;626
188;;1370
1880;;1662
1881;;362
1882;;403
1883;;1493
1884;;1692
1884;;224
1885;;1854
1886;;1178
1886;;1257
1886;;1457
1887;;273
1887;;284
1888;;196
1889;;618
189;;1729
1890;;1117
1890;;1400
1891;;1743
1892;;1908
1892;;56
1893;;995
1894;;398
1895;;71
1896;;1282
1897;;1612
1898;;355
1899;;760
19;;1740
190;;1200
1900;;1006
1901;;1159
1902;;1992
1902;;913
1903;;1310
1904;;344
1905;;1520
1905;;691
1906;;1410
1906;;1439
1906;;1774
1907;;504
1908;;1876
1909;;1068
191;;1064
1910;;767
1911;;585
1912;;1610
1912;;1947
1912;;277
1913;;576
1914;;740
1915;;859
1916;;1642
1917;;1046
1918;;1792
1919;;1305
192;;949
1920;;1101
1921;;286
1922;;1357
1922;;1946
1922;;967
1922;;969
1923;;55
1924;;1489
1924;;1745
1925;;1363
1926;;77
1927;;240
1928;;1594
1929;;1546
193;;695
1930;;1546
1931;;1482
1932;;793
1933;;371
1933;;922
1934;;1637
1935;;666
1936;;1276
1937;;1053
1937;;1762
1937;;347
1938;;1454
1938;;1455
1939;;564
194;;1220
1940;;849
1941;;880
1942;;786
1943;;1880
1944;;1747
1945;;674
1946;;1952
1946;;252
1947;;1596
1947;;607
1948;;1746
1948;;562
1949;;1308
195;;1244
1950;;1596
1951;;1049
1951;;854
1952;;1217
1952;;1764
1953;;706
1953;;814
1954;;1722
1954;;174
1955;;1105
1956;;1435
1956;;931
1957;;1542
1958;;1883
1959;;137
196;;161
196;;891
1960;;1883
1961;;151
1962;;901
1963;;1575
1963;;1586
1963;;878
1963;;991
1964;;1394
1964;;1395
1964;;1494
1964;;180
1964;;2
1964;;337
1965;;1062
1966;;1853
1967;;1328
1967;;1837
1968;;1420
1969;;1553
197;;143
1970;;466
1971;;957
1972;;1805
1972;;306
1973;;517
1974;;1508
1975;;1816
1975;;869
1976;;1538
1976;;1797
1977;;1012
1977;;1644
1978;;1068
1979;;25
198;;1297
1980;;1194
1980;;229
1981;;23
1982;;1736
1982;;1976
1983;;1647
1983;;2104
1984;;1843
1985;;971
1986;;387
1987;;1227
1987;;1448
1987;;851
1988;;1160
1989;;798
199;;1849
1990;;798
1991;;1895
1992;;1948
1992;;932
1993;;1769
1994;;46
1995;;1666
1996;;587
1997;;1026
1998;;1010
1999;;988
2;;1387
20;;1495
200;;859
2000;;1639
2001;;637
2002;;874
2003;;122
2003;;1686
2004;;1503
2004;;1504
2005;;463
2006;;1721
2007;;1055
2008;;762
2009;;1222
201;;442
201;;859
2010;;758
2011;;201
2012;;587
2013;;1383
2013;;1453
2013;;1455
2014;;1186
2014;;1532
2014;;1971
2014;;3
2014;;360
2014;;406
2014;;7
2015;;131
2016;;1567
2017;;152
2018;;1115
2018;;1152
2018;;1219
2018;;1221
2018;;157
2019;;793
202;;207
202;;255
2020;;866
2021;;625
2022;;392
2023;;212
2024;;1694
2025;;1129
2025;;1441
2025;;1524
2025;;1656
2025;;1657
2025;;1666
2025;;1800
2025;;867
2026;;1088
2026;;1435
2027;;1121
2028;;1296
2028;;1310
2028;;1311
2028;;1921
2028;;2067
2028;;299
2028;;982
2029;;1161
203;;1595
203;;799
2030;;511
2030;;512
2031;;1691
2032;;889
2033;;1147
2034;;1091
2035;;1158
2036;;1081
2037;;297
2038;;1450
2039;;1892
204;;1896
2040;;1017
2040;;1363
2040;;1426
2041;;55
2042;;157
2043;;1894
2043;;48
2044;;1593
2044;;1594
2044;;1751
2044;;1942
2044;;2109
2045;;136
2045;;1902
2045;;993
2046;;637
2047;;1792
2048;;1419
2049;;570
205;;117
205;;1560
2050;;558
2051;;1489
2052;;784
2052;;990
2053;;339
2054;;1002
2055;;1155
2056;;1002
2057;;275
2058;;860
2059;;1031
2059;;1159
2059;;12
2059;;1317
2059;;2101
206;;1785
2060;;655
2061;;1454
2062;;562
2063;;1174
2063;;805
2063;;832
2064;;217
2065;;925
2066;;1454
2067;;40
2068;;1570
2069;;1027
2069;;1179
2069;;1899
2069;;700
207;;484
2070;;1670
2071;;1539
2072;;338
2072;;833
2073;;458
2074;;443
2075;;1508
2076;;863
2077;;508
2078;;1669
2079;;1841
208;;1717
2080;;565
2081;;548
2082;;1564
2082;;2077
2082;;992
2083;;137
2084;;326
2085;;388
2086;;1546
2087;;967
2088;;1607
2088;;1770
2088;;2011
2088;;581
2088;;73
2089;;31
209;;1611
2090;;1913
2091;;1439
2092;;1933
2093;;1921
2094;;1910
2095;;1911
2096;;1913
2097;;1943
2098;;1925
2099;;1909
21;;1275
210;;165
210;;2062
2100;;1916
2100;;1986
2101;;1909
2102;;1912
2103;;1940
2104;;1922
2105;;1926
2106;;1940
2107;;721
2108;;1916
2108;;1986
2109;;1939
211;;49
2110;;1928
2111;;1921
2112;;1924
2113;;1921
2114;;1788
2115;;1909
2116;;1930
2117;;1944
2118;;1938
2119;;1911
212;;437
2120;;1923
2121;;1927
2122;;1920
2123;;1912
2124;;1935
2125;;1915
2126;;343
2126;;434
2127;;1925
2128;;1927
2129;;1920
213;;1693
2130;;1943
2131;;1914
2132;;1931
2133;;1938
2134;;1938
2135;;1918
2136;;1920
2137;;1916
2138;;1920
2139;;1941
2139;;62
214;;1865
2140;;1911
2141;;1921
2142;;1909
2143;;1929
2144;;1929
2145;;1940
2146;;1959
2147;;1945
2148;;1948
2149;;1945
215;;1386
215;;670
215;;753
2150;;1952
2151;;1945
2152;;1957
2153;;1951
2154;;1948
2155;;1945
2156;;1956
2157;;1957
2158;;1946
2159;;1956
216;;252
2160;;1948
2161;;1951
2162;;1945
2163;;1963
2164;;1949
2165;;1949
2166;;1994
2167;;1984
2168;;1970
2169;;1981
217;;184
2170;;1985
2171;;1993
2172;;1995
2173;;1972
2174;;1983
2175;;1993
2176;;1975
2177;;1983
2178;;1991
2179;;1989
218;;1612
2180;;1996
2181;;1983
2182;;1981
2183;;1979
2184;;1966
2185;;1978
2186;;1992
2187;;1985
2188;;1968
2189;;1964
219;;571
2190;;1984
2191;;1973
2191;;2024
2192;;1995
2193;;1991
2194;;1974
2195;;1978
2196;;1992
2197;;1984
2198;;1982
2199;;1984
22;;945
220;;43
2200;;1993
2201;;1974
2202;;1988
2203;;1964
2204;;1969
2205;;1995
2206;;1990
2207;;1980
2208;;1982
2208;;2017
2209;;1969
221;;1341
2210;;1983
2211;;1983
2212;;1972
2213;;1965
2214;;1975
2215;;1981
2216;;1993
2217;;1998
2218;;1999
2219;;1999
222;;1438
222;;251
2220;;2001
2220;;2079
2221;;2004
2221;;2056
2222;;2003
2223;;2003
2224;;2002
2225;;2003
2226;;2003
2227;;2004
2227;;2056
2228;;2044
2229;;2054
223;;223
2230;;2011
2231;;1018
2232;;2054
2233;;2011
2233;;2097
2234;;2036
2234;;2059
2235;;2039
2236;;2012
2237;;2047
2238;;2050
2239;;2047
224;;1768
2240;;1018
2241;;2027
2242;;2023
2243;;2032
2244;;2016
2245;;2036
2245;;2059
2246;;2045
2247;;2018
2248;;2041
2249;;2046
225;;1515
225;;1569
225;;1633
225;;1807
225;;283
225;;349
225;;784
225;;990
2250;;2022
2251;;2042
2252;;2046
2253;;2022
2254;;2036
2254;;2059
2255;;2053
2256;;2038
2257;;2028
2258;;2053
2259;;2012
226;;1132
226;;369
2260;;2026
2261;;2022
2262;;2036
2262;;2059
2263;;2042
2264;;2049
2265;;2027
2266;;2023
2267;;2010
2268;;2052
2269;;2047
227;;502
2270;;2012
2271;;2027
2272;;2051
2272;;2060
2273;;2021
2274;;2047
2275;;2034
2275;;2058
2276;;2026
2277;;2016
2278;;2029
2279;;2053
228;;331
2280;;2042
2281;;2017
2282;;2025
2283;;2045
2284;;2042
2285;;2043
2286;;2037
2287;;2080
2288;;2084
2289;;2089
229;;1832
2290;;2081
2291;;2090
2292;;2099
2293;;2081
2294;;2064
2295;;2095
2296;;2090
2297;;2116
2298;;2094
2299;;2107
23;;1690
230;;1752
2300;;2066
2301;;2070
2302;;2097
2303;;2077
2304;;2100
2305;;2069
2306;;2055
2307;;2098
2308;;2085
2309;;2111
231;;1005
231;;1035
231;;1195
231;;1374
231;;1531
231;;176
231;;1842
231;;29
231;;327
231;;908
231;;909
2310;;2083
2311;;2063
2312;;2072
2313;;2075
2314;;2087
2315;;2110
2316;;2064
2317;;2078
2318;;2063
2319;;2070
232;;1614
232;;1664
2320;;2111
2321;;2082
2322;;2038
2323;;2115
2324;;2064
2325;;2012
2326;;2068
2327;;2020
2328;;2090
2329;;2111
233;;1488
2330;;2107
2331;;2103
2332;;2094
2333;;2073
2334;;2074
2335;;2078
2336;;2081
2337;;2090
2338;;2089
2339;;2094
234;;1659
234;;226
234;;37
2340;;2066
2341;;2075
2342;;2070
2343;;2073
2344;;2094
2345;;2103
2346;;2061
2347;;2111
2348;;2078
2349;;2096
235;;589
2350;;2061
2351;;2102
2352;;2111
2353;;2119
2354;;2012
2355;;2087
2356;;2068
2357;;2086
2358;;2107
2359;;2112
236;;1727
236;;1892
236;;249
236;;472
236;;594
236;;769
2360;;2090
2361;;2110
2362;;2113
2363;;2082
2364;;2010
2365;;2010
2366;;2121
2367;;2009
2368;;2092
2369;;2093
237;;1185
237;;623
2370;;2076
2371;;2111
2372;;2121
2373;;2083
2374;;2070
2375;;2063
2375;;2075
2376;;2115
2377;;2097
238;;1055
239;;261
239;;724
24;;1500
24;;1501
24;;605
240;;1668
241;;1728
241;;1827
241;;8
242;;505
243;;465
244;;520
244;;579
245;;1321
246;;1382
247;;1835
248;;1012
249;;21
25;;1499
25;;605
250;;629
251;;1392
252;;785
253;;1363
254;;841
255;;1766
255;;190
255;;896
256;;1404
257;;1670
257;;1832
257;;532
257;;565
258;;594
259;;1513
259;;1875
259;;2088
259;;47
259;;821
26;;1079
26;;301
260;;477
261;;1077
262;;1888
263;;1051
264;;893
265;;1287
265;;489
266;;970
267;;123
268;;1876
269;;486
27;;1500
270;;1458
271;;763
271;;764
272;;1294
273;;1762
274;;1322
274;;148
274;;196
275;;502
276;;767
277;;1051
277;;143
277;;1854
277;;1912
278;;1618
279;;1518
28;;306
28;;958
280;;393
281;;576
282;;1125
283;;1387
284;;1625
285;;1824
285;;475
285;;725
286;;1514
286;;1934
287;;448
288;;316
289;;1427
289;;1541
289;;1950
289;;2008
289;;214
289;;559
289;;662
289;;663
289;;664
289;;665
289;;983
29;;1250
290;;276
290;;39
291;;30
292;;1830
293;;1587
294;;1824
295;;137
296;;1092
297;;302
297;;838
298;;1535
298;;32
299;;1168
299;;1286
3;;109
30;;1058
30;;2053
300;;1747
300;;236
301;;1253
302;;1030
303;;1316
303;;1982
303;;2017
303;;2043
303;;544
304;;1905
305;;345
306;;1695
306;;1713
307;;693
307;;79
307;;864
307;;865
307;;898
308;;1010
308;;1039
309;;197
31;;520
310;;75
311;;460
312;;1069
312;;1828
312;;385
312;;464
312;;803
313;;493
314;;181
315;;1724
316;;1320
317;;289
317;;453
317;;942
318;;1176
319;;75
32;;1595
320;;1550
320;;913
321;;1031
322;;1107
322;;981
323;;846
324;;1640
325;;1824
326;;494
327;;449
328;;1342
329;;1568
329;;1848
329;;2015
329;;212
329;;597
329;;630
329;;72
329;;771
33;;770
33;;90
330;;1009
331;;1009
331;;1754
331;;36
331;;452
331;;609
332;;1171
332;;1533
332;;1801
332;;1951
332;;712
332;;790
333;;371
333;;831
333;;922
334;;637
335;;1869
336;;767
337;;1293
338;;1382
339;;703
34;;931
340;;1203
341;;1631
341;;1891
342;;1445
343;;386
343;;930
344;;1880
344;;739
344;;740
345;;142
346;;1052
347;;1742
348;;769
349;;246
35;;1283
350;;1770
351;;998
352;;569
353;;1552
353;;1631
353;;1634
353;;1635
353;;2048
353;;569
353;;907
354;;196
355;;1076
356;;2024
356;;801
356;;929
357;;1762
358;;1884
359;;1744
36;;1184
36;;1298
36;;1885
36;;205
36;;88
36;;962
360;;1114
360;;1618
360;;64
360;;881
361;;75
362;;677
362;;89
363;;1471
364;;1484
364;;1503
364;;51
365;;1228
366;;902
367;;1307
368;;1006
369;;647
37;;116
37;;332
370;;130
371;;1379
371;;151
371;;681
372;;638
373;;335
374;;534
375;;1762
376;;1735
377;;1212
378;;1321
378;;1632
378;;1650
378;;329
379;;984
38;;1509
38;;330
380;;1204
381;;1856
382;;1423
382;;2039
383;;1577
384;;1440
384;;227
385;;235
386;;1082
387;;1153
388;;340
389;;464
39;;533
390;;468
391;;1826
391;;258
392;;1294
393;;658
394;;636
395;;888
396;;654
397;;1483
397;;518
397;;714
397;;818
397;;905
397;;981
398;;1797
399;;15
4;;1625
40;;797
40;;982
400;;941
401;;1529
402;;809
403;;23
404;;714
405;;402
405;;567
406;;1670
407;;1920
407;;437
408;;1188
409;;2005
409;;244
409;;425
409;;776
41;;1154
410;;1233
410;;293
411;;1433
412;;1384
412;;256
413;;2005
413;;237
414;;1119
414;;1461
415;;1734
416;;704
417;;1626
417;;1788
417;;1791
417;;1795
417;;207
418;;1120
418;;1223
418;;1493
418;;1741
419;;403
42;;1148
420;;1617
421;;1865
422;;341
422;;343
422;;434
423;;1900
424;;1854
425;;999
426;;369
426;;95
427;;1629
427;;515
428;;784
429;;1670
43;;1051
43;;1854
430;;473
431;;1152
432;;1794
432;;666
433;;1323
433;;1862
434;;219
434;;839
435;;128
436;;127
436;;192
436;;378
437;;1690
438;;804
438;;889
439;;1162
439;;949
44;;330
440;;269
441;;606
442;;831
443;;2114
443;;325
443;;586
443;;811
444;;196
445;;1719
446;;75
447;;377
448;;1389
449;;103
449;;1505
449;;1605
449;;1703
449;;481
449;;483
449;;566
449;;638
449;;650
449;;717
45;;1021
45;;118
45;;1574
45;;1844
45;;2069
45;;635
45;;751
45;;774
450;;1617
451;;1263
452;;34
453;;437
454;;1425
455;;1557
456;;1322
456;;1474
456;;148
456;;196
456;;351
456;;780
456;;837
457;;589
457;;867
458;;573
459;;1653
46;;746
461;;1394
461;;1494
461;;180
462;;1223
462;;1493
462;;1741
463;;565
464;;334
465;;1198
465;;1637
466;;1393
466;;312
467;;233
468;;1247
469;;178
47;;1259
470;;1368
471;;1355
471;;1555
471;;66
472;;1141
473;;398
474;;1154
474;;1606
475;;651
476;;618
477;;331
478;;972
478;;973
478;;976
479;;721
48;;141
48;;1513
48;;1875
480;;1496
481;;1361
482;;403
483;;1220
484;;319
485;;1012
486;;121
486;;683
487;;539
488;;1312
488;;1313
488;;2117
489;;901
49;;1321
490;;706
491;;680
491;;731
492;;617
493;;82
494;;1012
495;;653
496;;706
497;;1273
497;;1822
497;;326
498;;1084
499;;122
499;;1686
5;;1781
50;;268
500;;840
501;;1038
502;;189
503;;1511
504;;1638
505;;1683
506;;757
507;;691
508;;1385
509;;231
51;;1534
510;;1099
510;;1278
510;;1756
510;;482
511;;1455
512;;1616
513;;323
514;;469
515;;1127
515;;1286
515;;1512
515;;1904
515;;265
516;;1045
517;;1075
517;;1268
517;;144
517;;158
517;;2007
517;;35
518;;19
519;;1463
52;;22
520;;271
521;;750
521;;956
522;;1070
522;;1094
522;;1314
523;;1522
524;;989
525;;1192
526;;1708
527;;523
528;;1670
529;;1838
529;;416
53;;986
530;;1006
530;;1318
531;;1212
532;;1361
533;;263
534;;579
535;;650
536;;166
536;;287
537;;1784
538;;916
539;;418
54;;1602
540;;1495
541;;179
541;;1825
542;;484
543;;527
544;;1624
544;;980
545;;300
546;;1489
547;;1069
547;;1828
547;;934
547;;964
547;;970
548;;1625
548;;1699
548;;1803
549;;182
549;;183
55;;128
55;;1332
55;;1529
55;;1720
55;;367
550;;1130
550;;550
551;;1193
552;;295
553;;826
554;;658
555;;1658
555;;1660
556;;619
557;;1750
558;;1593
559;;1219
56;;1779
560;;1728
560;;1827
561;;172
562;;596
563;;366
564;;1471
565;;979
566;;1408
566;;470
566;;471
567;;1156
568;;246
569;;1252
569;;1522
57;;28
570;;532
571;;1644
572;;87
573;;1628
574;;504
575;;1728
575;;1994
575;;351
576;;965
577;;1420
578;;1712
58;;1851
580;;198
580;;390
580;;736
580;;775
580;;824
580;;9
581;;1270
582;;121
583;;532
583;;772
584;;1302
585;;1760
586;;1058
586;;1213
586;;1623
587;;900
588;;115
588;;1449
588;;235
589;;1356
589;;1767
589;;1778
589;;1833
589;;1898
589;;38
589;;701
589;;946
59;;407
590;;962
591;;1926
591;;242
592;;541
593;;1543
594;;1793
595;;1195
595;;1531
596;;1308
597;;1066
598;;405
599;;1055
6;;173
6;;2019
6;;2057
6;;660
60;;1455
60;;1984
600;;243
601;;100
601;;1025
602;;1251
603;;140
604;;1643
604;;2019
604;;2057
604;;394
604;;660
604;;722
605;;147
606;;1295
606;;595
607;;538
608;;582
609;;2122
609;;778
61;;1030
610;;40
611;;1744
612;;651
613;;884
614;;304
615;;1246
615;;1285
616;;1836
617;;1081
618;;1419
619;;758
62;;994
620;;1106
620;;1145
620;;1280
620;;1489
620;;1745
620;;1903
620;;240
621;;1829
622;;1688
623;;557
624;;391
625;;984
626;;1823
627;;405
628;;75
629;;787
63;;1524
63;;447
630;;1486
630;;1995
631;;959
632;;476
632;;686
632;;91
633;;1853
634;;1482
635;;495
636;;1231
636;;648
637;;1145
638;;1191
639;;445
64;;1438
64;;251
640;;1125
641;;245
642;;68
643;;969
644;;1049
644;;2087
644;;657
644;;854
645;;1214
646;;1655
647;;1256
648;;454
649;;391
65;;93
650;;763
651;;535
652;;1229
652;;1867
652;;2071
652;;599
652;;822
653;;344
653;;426
653;;440
654;;513
655;;1728
656;;352
657;;1544
658;;1473
659;;320
66;;117
660;;1536
660;;1744
660;;477
660;;673
660;;860
661;;1630
662;;1816
663;;78
664;;575
665;;339
666;;1330
667;;325
668;;1897
669;;1383
67;;1005
67;;1873
670;;1109
670;;1807
671;;309
672;;1762
673;;877
674;;1514
674;;1934
674;;237
674;;384
674;;54
675;;328
676;;1163
677;;359
677;;685
678;;1591
679;;2106
679;;394
679;;660
68;;1876
680;;1055
680;;1058
680;;1243
680;;145
680;;1869
680;;520
680;;579
681;;1431
681;;1977
681;;374
681;;667
682;;610
683;;374
684;;1357
684;;1440
685;;1601
685;;1653
686;;1013
687;;175
688;;517
689;;1015
689;;1907
69;;1012
690;;1792
690;;862
691;;1141
691;;550
692;;1697
693;;1309
694;;429
695;;1316
696;;282
697;;808
698;;1764
699;;1540
7;;951
70;;1202
70;;439
700;;1297
700;;1550
700;;1992
700;;913
701;;860
702;;1201
703;;1575
703;;991
704;;361
704;;456
705;;1066
706;;1718
707;;1380
708;;1876
709;;1506
709;;179
709;;1825
709;;791
71;;1521
710;;1455
711;;1210
712;;887
713;;262
714;;1052
715;;1414
716;;1519
717;;1012
717;;1210
717;;1254
717;;1543
717;;1644
717;;280
717;;331
717;;618
717;;634
718;;1909
718;;1948
718;;1983
718;;2081
718;;2090
718;;842
719;;1230
719;;1232
719;;167
719;;1917
719;;2040
719;;926
72;;1620
720;;381
721;;1845
722;;2033
722;;430
723;;1070
724;;379
725;;387
726;;818
727;;1371
728;;296
729;;974
73;;752
730;;1355
731;;1006
732;;1148
733;;379
734;;1556
735;;523
736;;974
737;;1352
738;;1797
739;;138
739;;1406
74;;1697
740;;1517
741;;82
742;;1550
742;;398
742;;500
742;;592
743;;498
744;;1421
744;;380
744;;613
745;;945
746;;739
746;;740
746;;741
747;;580
748;;673
749;;390
749;;9
75;;1831
750;;1753
751;;1159
751;;2035
752;;1690
752;;249
752;;472
753;;1343
753;;1409
753;;1458
753;;1551
753;;1578
753;;1585
753;;1619
753;;777
753;;852
753;;911
754;;1535
755;;1082
756;;1748
757;;1484
757;;303
757;;51
757;;789
758;;1789
759;;1859
76;;1190
760;;1550
760;;1898
760;;896
761;;1609
762;;130
763;;1645
764;;735
765;;342
766;;1403
767;;1303
768;;1375
769;;1083
769;;1572
769;;1967
769;;2014
769;;2120
769;;526
769;;527
77;;900
770;;1603
770;;1668
770;;1953
770;;409
770;;615
770;;812
771;;870
772;;1326
773;;884
774;;1381
774;;1481
774;;1604
774;;1627
774;;735
775;;1604
776;;1132
777;;861
778;;1106
778;;1339
779;;1563
78;;76
780;;781
781;;1219
782;;1050
782;;1695
782;;1713
782;;1731
783;;1295
784;;1322
784;;1388
784;;148
784;;1729
784;;1813
784;;734
785;;1109
785;;1807
786;;537
787;;1790
787;;632
787;;819
788;;267
789;;272
789;;92
79;;639
79;;978
790;;1763
791;;1082
791;;271
792;;163
793;;1245
794;;564
795;;1384
795;;256
796;;918
797;;1263
798;;1160
799;;778
8;;225
8;;400
8;;624
80;;639
800;;311
801;;1779
801;;30
801;;508
802;;1770
803;;1032
803;;1092
803;;1398
803;;833
804;;20
805;;1814
805;;1954
806;;1073
806;;2042
807;;1113
808;;363
809;;98
81;;1878
810;;1641
811;;1581
812;;1670
812;;1832
812;;387
812;;502
812;;565
813;;54
813;;776
814;;1457
815;;1121
816;;1391
817;;1655
818;;1492
819;;1893
819;;564
82;;355
820;;436
821;;1576
821;;1839
821;;1846
821;;41
821;;81
822;;1906
823;;385
824;;233
825;;2114
825;;325
825;;528
825;;813
826;;866
827;;1883
828;;777
829;;311
83;;1063
83;;1383
830;;1428
830;;1699
830;;1803
831;;17
832;;1210
832;;1252
832;;1254
832;;1422
832;;1542
832;;184
832;;280
832;;333
832;;634
832;;659
832;;733
833;;287
834;;1876
835;;863
836;;576
836;;885
837;;429
838;;470
838;;471
839;;198
839;;9
84;;381
84;;577
84;;603
84;;937
84;;944
840;;1556
841;;1005
841;;1035
841;;1452
841;;1456
841;;1623
842;;1139
842;;438
842;;969
843;;1236
843;;583
844;;1491
845;;27
846;;93
847;;99
848;;1211
849;;1826
85;;1098
85;;1757
85;;2037
850;;1522
851;;1306
852;;1000
852;;1895
852;;1937
853;;1476
854;;1111
854;;1279
854;;782
854;;938
855;;1072
855;;1122
856;;549
857;;1653
858;;966
859;;696
86;;1494
86;;605
860;;1636
861;;39
862;;39
863;;699
864;;684
865;;497
866;;1048
867;;1712
868;;1019
869;;1055
87;;907
870;;356
871;;1565
872;;111
873;;536
874;;154
875;;1798
876;;477
877;;1689
878;;478
879;;1861
88;;1128
88;;1151
88;;404
880;;502
881;;84
882;;1561
883;;1475
883;;150
883;;1530
883;;1611
883;;1955
883;;24
883;;407
883;;455
883;;883
884;;1008
884;;1016
884;;1085
884;;1269
884;;1704
884;;1919
884;;773
884;;997
885;;1486
885;;1995
886;;890
887;;767
888;;688
889;;117
889;;1560
89;;1608
890;;1512
891;;1499
892;;99
893;;1639
893;;1837
893;;906
894;;1465
895;;105
895;;1292
895;;578
896;;59
897;;761
898;;291
899;;1098
899;;1757
9;;932
90;;1632
900;;1521
900;;1600
900;;372
901;;1879
902;;1761
903;;305
903;;401
904;;159
905;;795
906;;585
907;;370
908;;268
909;;358
909;;935
91;;1385
91;;552
910;;1832
911;;504
912;;1453
913;;1978
913;;868
914;;917
915;;1402
915;;408
916;;174
917;;1181
918;;1300
919;;1065
919;;1081
919;;1378
919;;1442
919;;1444
919;;499
919;;590
92;;1856
920;;1613
921;;1297
922;;1403
923;;720
924;;523
925;;507
925;;645
926;;1304
926;;604
926;;619
926;;936
927;;1142
928;;913
929;;742
93;;1344
930;;673
931;;241
932;;1876
933;;1497
934;;1342
934;;63
935;;1267
935;;1303
935;;1405
935;;1562
935;;16
935;;187
935;;2051
935;;2060
935;;2115
935;;433
935;;792
936;;1023
936;;1138
937;;1868
937;;621
938;;1716
939;;1778
94;;1451
940;;1225
941;;1288
942;;19
942;;721
943;;751
944;;403
945;;1527
946;;1829
946;;737
946;;738
947;;1864
948;;444
949;;1615
949;;259
949;;719
95;;149
950;;1365
951;;704
952;;874
953;;1078
954;;1739
954;;1855
954;;1997
955;;516
956;;1324
956;;1453
957;;1629
958;;126
959;;963
96;;1007
96;;1737
960;;1024
960;;208
960;;83
961;;101
962;;968
963;;57
964;;155
964;;730
965;;522
966;;1733
967;;1116
967;;1118
968;;1415
968;;1464
969;;269
97;;620
97;;726
970;;1436
971;;62
972;;1164
973;;583
974;;1124
975;;1104
976;;1389
977;;1041
977;;1360
978;;42
979;;1844
979;;635
98;;1416
98;;2105
980;;1100
981;;1856
982;;1104
983;;186
984;;1641
984;;2010
985;;1503
985;;1758
987;;594
988;;238
989;;1437
99;;840
990;;1465
990;;1577
991;;405
992;;547
993;;258
994;;847
995;;1357
996;;1746
996;;562
997;;1476
997;;433
997;;725
998;;1239
999;;485
